0.000000 0.000000 -0.000000
0.052558 -0.000042 -0.000352
0.109521 0.000173 0.003443
0.164846 0.001016 0.009682
0.224388 0.002749 0.020068
0.282306 0.005145 0.026920
0.333094 0.008493 0.034925
0.384816 0.011183 0.040826
0.436552 0.014701 0.048214
0.487633 0.017455 0.052034
0.538614 0.021047 0.056344
0.593782 0.028238 0.068816
0.652041 0.035653 0.082921
0.710896 0.044284 0.142064
0.768354 0.058768 0.307468
0.810997 0.078799 0.486939
0.851854 0.107629 0.614353
0.894753 0.142314 0.679435
0.940464 0.178274 0.717196
0.983449 0.215161 0.732892
1.024079 0.251383 0.745327
1.063205 0.294051 0.763738
1.103278 0.330240 0.766971
1.143531 0.369390 0.777979
1.180359 0.405574 0.782555
1.217686 0.444241 0.787475
1.254747 0.483409 0.789369
1.294174 0.523064 0.788669
1.332067 0.564611 0.804039
1.366516 0.603649 0.816711
1.402812 0.643270 0.818439
1.437844 0.681799 0.822703
1.471425 0.720661 0.830756
1.508813 0.764331 0.827753
1.544376 0.803945 0.797133
1.581549 0.842072 0.742605
1.620349 0.877527 0.704186
1.662320 0.916958 0.685915
1.705688 0.960237 0.633597
1.745677 1.004753 0.554363
1.788503 1.042511 0.450066
1.838849 1.073924 0.290735
1.881260 1.105074 0.151253
1.935144 1.126314 0.013723
1.989838 1.136643 -0.065711
2.047724 1.147195 -0.124862
2.103425 1.138154 -0.273931
2.137587 1.119961 -0.458187
2.171123 1.093109 -0.653891
2.212988 1.050192 -0.860069
2.245422 0.998469 -1.019493
2.270931 0.953465 -1.088113
2.293244 0.899090 -1.130297
2.317590 0.848057 -1.146628
2.340455 0.797695 -1.159145
2.358687 0.742276 -1.188572
2.378681 0.688592 -1.284171
2.389437 0.629099 -1.367352
2.398712 0.575607 -1.406621
2.407409 0.526096 -1.418607
2.415596 0.475304 -1.438201
2.421347 0.417541 -1.523117
2.417062 0.365208 -1.660316
2.406371 0.310961 -1.738968
2.397271 0.258598 -1.769274
2.386708 0.200043 -1.792086
2.375723 0.146089 -1.801660
2.362900 0.093406 -1.793127
2.352180 0.038120 -1.745106
2.345699 -0.014618 -1.672111
2.340007 -0.064657 -1.658325
2.335007 -0.117098 -1.647313
2.328917 -0.173792 -1.639268
2.325627 -0.223943 -1.636756
2.323468 -0.281401 -1.628004
2.319044 -0.338994 -1.617831
2.316533 -0.396612 -1.592938
2.317073 -0.451773 -1.515765
2.322753 -0.509425 -1.442252
2.331471 -0.564853 -1.399027
2.340962 -0.621156 -1.381048
2.354115 -0.675274 -1.359253
2.365332 -0.733440 -1.347537
2.379941 -0.791191 -1.349565
2.395435 -0.847627 -1.388164
2.405847 -0.899778 -1.422256
2.413243 -0.949827 -1.446950
2.420713 -1.001474 -1.465437
2.428393 -1.053271 -1.475586
2.433492 -1.108347 -1.486845
2.437498 -1.159017 -1.499330
2.442050 -1.209224 -1.505975
2.446790 -1.267959 -1.506490
2.448438 -1.323074 -1.507189
2.454020 -1.374878 -1.508539
2.456830 -1.428733 -1.511482
2.460069 -1.484733 -1.512696
2.464630 -1.544402 -1.516664
2.467717 -1.595199 -1.515811
2.471053 -1.653328 -1.524211
2.471477 -1.706317 -1.610869
2.465624 -1.758694 -1.734190
2.451691 -1.811596 -1.843952
2.434017 -1.865916 -1.902613
2.415391 -1.917676 -1.929181
2.396336 -1.971675 -1.983602
2.368079 -2.020619 -2.125933
2.337246 -2.060920 -2.272790
2.299237 -2.091930 -2.463099
2.247897 -2.121461 -2.620803
2.197713 -2.143453 -2.689098
2.143112 -2.163567 -2.732822
2.093962 -2.175492 -2.815922
2.036156 -2.187810 -2.955808
1.982739 -2.192730 -3.050369
1.925958 -2.196454 -3.095442
1.870920 -2.198238 -3.117542
1.837903 -2.196667 3.140474
1.787193 -2.190957 3.057829
1.734087 -2.179452 2.924851
1.682120 -2.168848 2.858725
1.628639 -2.151533 2.815547
1.577357 -2.131155 2.787201
1.526871 -2.106223 2.776983
1.475844 -2.085539 2.770782
1.421509 -2.060401 2.764667
1.369557 -2.037371 2.755680
1.322947 -2.017189 2.750121
1.275032 -1.996318 2.740287
1.227075 -1.975277 2.698268
1.171523 -1.945851 2.645874
1.122829 -1.918727 2.589723
1.075740 -1.883650 2.453235
1.036861 -1.846638 2.286825
1.002174 -1.805006 2.135221
0.977473 -1.760444 1.954089
0.962990 -1.709693 1.783830
0.956433 -1.653677 1.707617
0.954897 -1.594320 1.672001
0.951602 -1.539375 1.648936
0.948569 -1.485257 1.643873
0.947075 -1.431045 1.669922
0.943203 -1.377894 1.765436
0.933396 -1.327884 1.882151
0.917209 -1.277770 1.938522
0.902017 -1.224775 1.970194
0.880924 -1.174758 1.999319
0.858157 -1.120157 2.020135
0.833350 -1.066774 2.041069
0.808866 -1.013511 2.054034
0.784512 -0.969631 2.079217
0.756858 -0.920974 2.180899
0.725200 -0.881615 2.325904
0.679781 -0.845106 2.478639
0.636110 -0.813448 2.546104
0.587668 -0.782054 2.564237
0.537920 -0.753019 2.537854
0.492356 -0.716075 2.426848
0.458038 -0.678889 2.284576
0.426257 -0.635490 2.191784
0.396865 -0.591475 2.144226
0.368402 -0.545917 2.124141
0.338398 -0.497652 2.107904
0.311839 -0.454630 2.098914
0.283671 -0.409973 2.101033
0.255409 -0.361743 2.093154
0.226805 -0.314226 2.101142
0.198714 -0.267528 2.154629
0.166160 -0.223357 2.277678
0.125966 -0.186713 2.461248
0.084478 -0.156495 2.604063
0.036684 -0.127051 2.598225
-0.009355 -0.098894 2.536925
-0.050066 -0.063465 2.394640
-0.081427 -0.023992 2.211547
-0.103908 0.013942 2.035717
-0.123652 0.061259 1.837040
-0.129519 0.108999 1.638503
-0.124925 0.151859 1.450912
-0.111458 0.198635 1.265132
-0.092059 0.236066 1.087894
-0.063582 0.277623 0.901485
-0.024233 0.317050 0.716539
0.015574 0.344141 0.540936
0.060680 0.367140 0.353859
0.105190 0.378890 0.162370
0.146701 0.379937 -0.032798
0.195294 0.371412 -0.229030
0.245550 0.356047 -0.397311
0.299079 0.330049 -0.441116
0.347275 0.308038 -0.422722
0.399751 0.289291 -0.371731
0.452204 0.272648 -0.237284
0.503529 0.265102 -0.085926
0.555959 0.266970 0.094717
0.609181 0.298256 0.159311
0.562073 0.278561 0.205461
0.502399 0.254800 0.218712
0.446935 0.230725 0.242560
0.397251 0.223041 0.164028
0.347713 0.211647 0.047980
0.294314 0.211144 -0.114393
0.235213 0.224587 -0.251883
0.180237 0.242964 -0.268696
0.127390 0.258189 -0.248916
0.074482 0.267638 -0.210476
0.024590 0.275876 -0.189348
-0.033389 0.284383 -0.155278
-0.088496 0.285973 -0.065842
-0.133803 0.282511 0.114361
-0.080015 0.289510 0.247069
-0.032294 0.317284 0.208153
0.018809 0.329866 0.149940
EOP
